462810
525561
249740
901469
229875
999536
447118
71670
58578
153142
631705
15743
79285
325282
326331
766302
740786
193552
906384
213493
374057
975249
451294
10477
921299
622237
201777
182721
837148
735712
570264
4144
523829
874780
567472
258760
679182
388001
291925
145168
239560
417130
759113
326101
284660
766465
372494
549042
654530
913765
597224
272535
434674
967693
579553
214144
665187
969757
955148
721169
928082
969983
93824
510882
367357
358396
158858
449441
753958
349667
490693
41117
227136
542230
250611
712249
918625
798879
33908
3855
941543
254295
647776
819080
369825
883182
581942
857286
500696
297830
918691
634141
715639
607522
289212
537887
504
513320
987285
971225
461637
241874
841092
392037
688741
440402
453394
390949
973068
322716
591435
642266
697380
326698
916182
119283
979517
623767
45437
161141
854969
672303
83726
646827
257472
109722
949963
579826
166459
834784
607155
690
608436
150354
605206
879106
265539
422631
965150
922173
782712
126310
331345
965948
692600
929911
264586
762562
593461
143198
707258
112433
174793
181
461562
120118
648724
979587
343971
663753
441846
476929
896745
427093
695733
353008
107698
158912
761269
980154
787363
59173
922426
232562
238508
676831
125477
505591
150751
726619
414758
802724
759836
686209
675500
414166
773233
680295
623415
391617
851144
325664
473916
132939
775563
914004
603906
780295
135962
967703
747545
4962
805740
318236
687834
249056
959575
670152
145367
519463
872242
466468
78813
345295
175481
956934
582956
947442
746948
284518
684525
25713
111330
541256
924308
159705
947022
251425
833364
284747
12679
870772
866703
304358
556798
397687
476890
167285
194798
916682
363459
215647
901078
745635
584352
642271
331994
275500
876075
247930
400049
651467
571880
608969
120480
165599
986959
241793
377545
925344
812987
915809
207355
328365
814678
17102
717213
891438
880976
325297
631061
765038
956556
375015
778631
435569
717455
751617
590321
143718
297263
96560
753738
50057
929053
828974
242707
480883
419727
514058
305426
884007
508934
184282
644124
701017
251415
759528
208717
536552
361455
22483
876766
877332
862221
57801
450389
226462
826743
659051
213065
638730
746922
40426
647845
801766
843492
801330
272854
241469
662131
371360
385746
838416
164655
711896
150925
757985
256606
644311
405971
260394
622854
416428
422981
356094
751588
93686
155048
820242
167211
411001
194969
636020
290763
460992
57036
529185
215986
559711
948715
580157
352541
821886
624822
401491
851820
19924
285373
576013
664580
762018
428241
482658
92813
186886
828381
583024
936888
306972
948644
15431
466501
313013
293025
580636
934406
143268
927519
918658
75424
186087
40642
830557
773808
612718
66255
24644
995878
91114
648544
419206
654253
131064
164992
556498
180252
960169
66388
864334
875927
344722
371028
829574
845636
794167
63512
975736
467035
939816
585742
904714
453861
768553
47073
17347
959793
651770
680171
543204
94209
722332
758967
569627
45005
765325
229066
382874
857243
270655
265881
239947
99886
647320
514789
227439
747821
394668
359429
106123
588533
815582
761459
279038
699402
511615
825876
736345
752696
235521
45315
346085
8268
580475
643689
424889
652002
485564
225454
822078
612596
573406
711580
712269
216965
536397
880322
455323
25058
55219
272298
395127
568439
528395
78769
181234
65907
25146
627393
638782
474023
631044
96927
332234
169498
42210
863464
133450
248033
949593
975225
724898
589152
229147
311126
840355
196963
363301
537675
89641
185696
647406
909302
813751
302252
679922
588686
281661
664526
706854
817337
215128
270056
223510
41003
862767
883456
331685
447065
688247
263109
554387
598224
559276
249657
753209
172887
479233
368048
882970
571554
53086
296001
767847
768238
860180
549466
743708
270271
222930
123808
331930
786928
505718
284386
455222
884591
98199
249362
671976
351896
55976
600832
91954
66773
410824
245367
834371
652217
120322
994302
713487
618923
38858
41498
334080
920264
583579
149022
564511
815302
467207
519788
691808
211259
991836
122977
488979
335753
914192
530759
225306
832798
114401
614505
497937
247238
83949
58057
11230
919622
806852
927820
27165
370855
705326
317894
938910
201943
17033
189867
425950
270519
740444
735350
115368
852285
852637
607915
391370
857415
334921
444928
913398
561429
963804
733433
562913
252591
497898
900416
272131
380672
797219
67590
197895
468602
104994
725764
680325
114160
147727
432850
11897
706236
786649
673810
557471
264663
635565
480822
180322
593432
464394
756578
908325
752284
642141
910356
833021
553434
650922
905091
198637
935493
72440
101163
375845
86690
519707
339231
84521
659385
587492
259621
686549
612048
737967
283471
991312
914044
832948
136802
874080
545029
728818
423053
314958
596864
653009
2874
390580
109667
843066
403364
805865
997842
410645
353939
96296
770957
77079
173461
505202
231216
444288
237556
457362
989469
678191
895109
205991
127622
834418
473444
840731
903257
534763
737139
578392
891656
477234
782480
640284
645942
678194
797340
966046
589317
98087
752493
974872
12252
941100
249469
25771
307185
39194
257667
920495
798782
776084
41023
952396
496909
441992
960814
132277
165786
463739
343379
974199
101566
563914
544223
971440
892620
466032
782992
525616
295522
123837
57586
423273
791827
549053
950211
202670
497256
890187
256458
208555
914038
315892
7685
974789
661886
775924
637859
61528
811618
71588
236728
534509
537733
639684
838725
609819
160753
975915
71744
283628
215895
355804
34885
7723
704150
509202
73482
993047
216780
999510
722004
63197
118196
1743
19278
618324
967832
848594
624576
878366
667057
651956
440525
793653
594008
65664
662815
845961
285484
835528
156588
200089
752019
979722
160836
484405
128565
709972
985344
532890
734999
582987
14601
295883
80184
302168
727172
167502
451753
554164
691222
293770
811988
906247
985822
352545
275584
388616
217835
881369
737428
520218
311564
611629
901108
31877
211966
153510
334809
103722
451038
54637
387891
720294
504926
400454
284861
774475
782085
787423
444395
588334
782599
618421
527434
187601
541465
146063
682881
642577
949539
363835
528013
583404
184178
357312
323974
76408
960732
500479
871635
210437
805263
710358
523428
661065
286211
496327
976516
501567
748613
405633
99046
213795
280450
909406
659779
148603
49718
805248
366457
344755
226309
114561
950323
372001
84944
101399
20706
64964
894875
478083
676475
392048
142384
734294
797473
694277
892306
173077
460068
656706
973280
169945
781143
899233
827560
326216
597618
374294
917876
828187
746908
875162
395324
883772
220300
146815
517174
655391
255016
528312
664148
533040
966429
392628
459811
413214
964620
62110
419657
675598
162321
122426
98381
680534
482632
861426
109018
492112
514170
932759
531539
46919
466474
948692
212099
236219
826346
88405
168857
452216
872075
201719
995756
406264
140543
838486
902959
112032
365149
49903
678022
95629
120503
80406
921639
383736
256193
898963
366136
468404
230210
783836
438135
900368
680883
159503
907805
122480
673205
522882
70071
563226
199436
992639
770135
257070
463529
635668
770451
408296
150826
74517
568625
420493
617740
684726
805637
142220
162827
845132
383450
308213
769592
967131
250535
651554
688975
497174
719712
961864
441003
320702
798861
952650
705842
713551
205511
391415
172643
55109
617388
921560
828869
457060
873815
729731
82876
811125
644052
302470
581157
705755
967569
269989
260812
697826
803367
423920
780147
523022
8766
182783
634384
56167
159430
897501
374435
106631
7403
786117
993748
411838
602922
266486
559323
107456
615684
615216
707506
272658
293013
471625
879804
870690
583216
418790
299149
692999
949970
204462
17714
879257
298992
975066
951044
461490
927557
782086
880546
397558
548716
203759
340016
553841
572804
14561
618955
212819
29668
950698
87481
421627
425294
82637
311730
792977
757445
832955
431160
359180
402300
543880
681968
927219
376163
616312
806781
317263
728421
205201
987469
416993
86707
232438
850899
118530
849341
823607
773349
35220
850851
547864
21674
57464
815101
864404
399779
658990
875314
640772
97136
607664
706011
658145
671509
780446
982112
282413
810247
781673
57846
130757
131176
577108
156109
388672
904013
330366
540639
524468
618493
641154
986924
256037
908846
806697
775406
444476
731576
572836
943383
187208
444113
652051
999109
704811
764992
405898
378664
878429
830862
816438
935011
232233
754696
209778
594270
936699
364705
447930
689135
198874
22142
758584
325232
258156
518414
882022
29381
175999
282676
808521
874896
532142
52153
337897
150526
99056
322251
397623
844612
750058
126981
661943
991331
560962
294481
953900
603147
511393
543663
717404
662449
877332
626144
790940
511046
879935
274619
836063
728926
111883
843683
280236
145746
395840
96681
327660
975497
875971
95386
726154
91477
293292
308411
351719
355084
212213
159057
760245
337238
611968
10618
779048
309006
708723
492382
411528
557829
502452
995
984176
863686
636113
826611
818059
584833
305408
673655
421784
42150
213276
553412
688152
906300
610758
331054
731817
79751
227585
22904
175255
937755
645147
548040
889880
748404
524631
113277
382237
672723
636826
864933
311412
3602
917804
632958
337972
439497
603640
109846
335372
479357
320788
240465
308135
875272
510376
486533
811514
620272
842685
584360
407152
608271
395612
478676
288874
999578
52720
308165
699304
865237
454653
914268
8372
632800
2334
708500
317614
580498
438586
56184
792863
188342
693056
630297
990651
77403
15398
335773
225589
2177
230491
155370
981225
700675
588193
580326
168835
157095
505932
251380
624935
601887
570006
963550
399997
259663
699452
374813
279033
66481
530117
66758
914107
177293
864724
383788
75402
988419
344523
782397
658495
361361
161506
671279
989535
2710
325570
520351
840478
875374
319561
215637
963901
683970
36424
533687
616006
350744
14762
459101
958138
523613
267265
173534
564607
402651
158124
193302
294943
273853
291177
16904
206443
411557
395666
463133
83137
340427
996584
925543
445609
33115
221639
97456
2771
637571
595433
245719
569103
918223
655781
512981
36120
412620
948591
830598
43585
776532
613012
757674
793559
147296
83565
396288
886968
563290
896263
502970
385200
427360
855934
384221
307442
992828
553940
360216
815231
950349
152711
246085
894095
217932
713589
666962
471881
692627
603294
777335
526091
798521
384247
881633
181961
512785
985459
293755
319698
936571
106066
389514
618996
870475
16962
321401
183359
741320
216221
645874
149062
54709
4947
725076
802524
693282
700822
162351
43082
185283
428811
848752
995519
917460
557901
298711
10674
240780
589985
521768
658515
74218
125954
462910
655720
220067
657866
334365
899930
302278
212172
908458
599893
160083
372313
405885
426069
620888
21035
199505
220107
452540
722999
708692
917029
404568
482140
49159
623134
643202
345414
400533
401995
948238
388022
521505
582686
545765
179390
405481
648671
334236
173220
101794
311157
660074
966847
611638
472816
466474
120789
333808
60735
609548
434219
201738
502944
960387
553255
412470
493969
518559
507392
558054
373010
85393
912626
971564
685431
910976
40091
910078
671475
58516
26395
871472
831062
977668
673586
749473
825602
79634
537061
263453
213606
643397
157778
547375
731981
680277
787903
235444
798683
242241
247967
694170
976136
891321
838373
162439
768141
962792
513389
663173
24894
418289
448953
797048
752580
776913
584073
257750
383490
644015
588787
390984
176880
977334
112670
366665
638420
385158
987199
176327
794828
737700
519605
863968
396979
797801
347884
610375
272884
443992
740873
473472
542976
355718
41787
555012
378389
59285
896667
527077
976475
739419
873183
756455
520326
775251
789393
547231
156983
104465
789500
953379
502641
394004
892887
86738
934542
887381
823871
438288
769675
830977
626338
374723
817521
235610
648608
326218
340492
159030
938356
780039
276721
577287
428792
551260
763509
108914
27917
933878
177756
69727
525701
450522
675061
795904
846375
665467
538046
808305
896166
466529
333608
800785
850289
647124
659985
31193
816384
581820
357511
204357
280956
879226
332128
616762
435949
311817
903285
569116
616460
537496
815787
436806
286385
259623
311371
863574
893540
94059
866820
76474
291694
483481
974258
479531
19120
12035
286399
101423
767635
271202
38160
883144
640734
99766
404081
333303
374446
950794
784030
764296
35183
40364
151587
349949
129769
213201
813540
131388
729580
102868
718296
505392
747583
935199
345127
608312
503422
78174
722022
543546
140406
444552
933136
705956
966525
739419
568313
420937
270414
336681
131864
992134
304018
384302
379893
581513
604286
866082
250615
850065
270814
977600
714058
590691
91542
252783
161377
44738
74441
288405
798868
943126
121039
472582
217610
932642
631689
481310
344481
651367
250162
119939
714589
717291
765832
51529
815664
310729
258793
714975
518003
84908
412395
653623
748675
309087
521413
411096
418980
713952
283022
268783
258060
981968
855750
104726
746414
279362
670995
43626
998095
983280
108967
697079
547687
380115
606253
353308
513186
847146
694396
234315
708432
949332
937650
159152
428828
282190
990188
229260
210724
812660
542147
267823
120116
773596
990484
117777
496462
461593
904232
548074
496708
808814
771022
162025
954307
545587
389300
651689
223256
78943
780909
500818
786463
433170
635839
183370
603922
901979
661649
272453
673429
499385
145859
633519
205746
479069
159626
131991
719262
502326
513280
954570
23754
812179
704532
149504
436636
82226
6240
342275
660044
78412
397474
270046
621191
396477
773768
710218
739837
457214
498513
518829
566384
320650
746906
82117
124913
301465
174030
376747
261122
938624
759689
915772
616104
248364
555576
898585
852437
14583
254194
807723
310693
162193
432602
760707
204844
323305
483009
764114
954475
317680
195235
445085
235450
986592
204279
509199
701647
349100
768054
903918
276645
996129
501620
28141
197040
489247
41318
879010
897138
709134
687510
413897
909403
848608
188451
322887
684494
890140
207149
351293
4780
82243
362944
651550
204700
633179
750553
204455
252836
642051
158724
373930
877316
175038
733304
492255
155688
950415
84159
809063
47100
368509
261556
707091
431149
836712
625981
862665
243170
835795
698756
640377
780135
867358
194766
197744
240780
661188
994458
652827
216633
908851
939415
73083
768474
704211
985276
259011
369579
981838
178417
392744
941732
142846
976822
615077
629673
220146
349712
760656
392072
679440
891995
938350
570240
43015
199783
52421
493566
589860
28941
938824
418548
918050
547082
570172
970660
590989
231075
571464
395300
829466
638551
195158
105328
282300
954937
674129
732172
588168
761795
996477
466178
187800
462174
604165
654580
796406
550178
419133
13600
509909
111609
437825
787208
514303
672717
247068
473657
77356
495993
992365
562119
91473
576624
823607
489048
950194
445123
231879
607092
773149
174691
309683
922672
658363
596932
937814
909842
322096
130785
863284
334605
213224
316615
335788
404264
624190
210068
708550
216774
769522
359471
587159
614837
535624
947326
933549
274682
65050
686454
995661
962905
795502
275024
641663
157072
948109
190718
898729
361344
322323
602047
441873
888491
496467
763758
321956
292105
11467
885723
193095
930116
235469
732439
310216
183199
69593
948625
958943
52266
649741
17660
359902
33979
427528
392887
107882
571564
6347
880751
161272
498908
139388
836797
286173
999179
10697
905838
342948
691535
884056
474947
500320
667420
82384
872993
137803
255665
20302
62821
300452
653271
842702
759919
316859
974064
11882
844306
464966
499730
74312
852942
907184
82056
364734
468358
938032
223172
65042
636148
782143
93751
78075
604270
381897
310206
266134
607851
51230
575053
829821
286329
551858
135224
717087
452739
385186
580156
92402
644870
641391
6520
143157
111212
227891
28123
947130
424380
764233
499879
688765
648635
143433
67733
537426
894185
818791
344077
501762
387734
433225
513440
596330
968117
614921
85627
933535
922129
836517
568821
116892
809837
578006
765020
408039
559051
783145
849619
556731
93942
835204
8987
560512
624947
133577
10758
201556
847980
63616
327772
708294
926956
669317
977424
120095
345110
62668
991171
548507
310263
377564
13405
738549
165174
417049
719384
820841
415718
894811
619450
252593
744453
365131
821284
579353
583426
475516
274939
69931
807199
149699
867169
113308
705079
989341
446934
730963
883816
226084
724153
133460
329161
1797
685217
224232
700646
864501
778767
725568
149309
979529
200047
90938
632823
165352
248490
219114
39695
649280
486233
103164
146190
465142
92269
49285
608536
502896
723083
889754
776442
44165
945518
169106
766842
135390
97477
119009
907537
97993
892935
648279
484633
251460
589584
114661
321749
553661
159187
963992
331557
573889
659705
223307
619501
405336
203750
974340
469310
969275
26698
172672
679376
639356
143752
909109
708409
611234
744483
795467
528731
701174
533152
567588
554814
77912
640358
946364
890800
491384
509618
704914
782636
280193
144424
214462
341604
744669
534833
992361
749537
960747
949401
636412
732333
576139
830018
840904
858546
824011
74348
309304
413066
244678
447111
410274
589742
573095
904484
242073
144035
392547
579324
190177
311636
867968
97678
734282
885869
735692
527184
707959
922361
195303
82680
348726
444310
136818
220219
735288
55387
591449
825236
871787
593406
391836
723942
205417
614242
878174
676854
633921
134636
124735
448195
605154
807589
602115
354122
881769
307393
391071
208546
64799
884530
705763
199415
387865
355718
204904
354495
218565
624634
417881
984295
248154
976011
866561
191226
348814
976934
15761
93852
941692
943587
407228
852551
879259
340341
439436
402202
788751
464562
423289
584913
939641
674435
121618
995448
363984
309310
972030
987553
187253
297692
753193
865591
116843
905072
870691
812521
631943
354931
554629
733410
712793
861233
52204
979618
748284
856833
652794
529576
121185
3947
91218
768828
789082
793810
87664
45545
515887
531472
552599
281682
630148
391577
969782
31090
666736
898404
850120
260375
382315
561641
336879
243019
380749
934629
558911
577806
641761
826468
84048
826268
822804
639306
218629
714118
631786
372808
409208
227993
112542
810002
243787
563317
570044
96504
851165
643472
971165
297582
393955
368065
772995
519746
7236
74510
524319
452417
99320
565753
589932
337165
88254
657636
766353
87521
422873
842004
972771
711528
281749
397968
753213
534339
750010
206240
790826
220042
725951
830622
573238
796989
981208
919619
313410
665776
648994
707606
945749
211720
816309
8865
843383
955793
606176
763551
636243
574407
549303
42295
460149
952013
306239
178788
679073
190454
255355
378694
48886
320075
601823
560483
713078
977163
186410
824174
171474
114797
947231
197045
235246
836282
524712
2415
399149
241756
781035
105151
453436
796478
74218
48792
829741
174309
32726
193109
997447
346210
708686
370776
371473
547335
387543
81574
85198
12466
711345
122340
228225
170426
169265
90222
887172
29726
831059
76368
499354
97504
825869
986764
56790
288184
615514
759519
120478
787098
818614
943314
124527
372219
483032
201896
905073
79001
812450
97619
666542
992777
546488
487196
692863
688846
264558
971027
250637
875754
266858
132057
68157
318886
1405
604722
423066
32256
876966
50408
346020
972728
268920
266207
560555
63529
588555
925203
894490
735840
580230
301426
449361
11353
453035
12757
630540
380082
216886
858956
845210
427497
81547
196013
419626
917477
80576
37082
61718
84951
346469
537947
222544
282115
987832
886188
156977
375760
394658
678253
697015
895510
61466
670666
401760
864492
294266
963044
852845
320134
219138
510883
355030
52297
790732
186811
940545
364071
409877
241458
595620
472200
908645
112550
362116
401599
634499
302787
212630
59260
622661
655106
490860
981796
788650
677133
502441
900289
103488
939747
48552
690612
718730
893179
233156
74051
205276
103653
716591
610666
369291
991295
90743
165118
675693
335875
667022
756450
933572
771666
989120
180385
724132
344815
345230
523417
437281
683471
891448
154941
558856
920954
333987
738575
898867
524196
58282
585196
438917
794726
775760
970488
67119
542478
430366
755312
72115
541859
896181
554863
817616
175479
16197
592607
175639
803886
484716
679812
925472
257370
646684
267426
42330
948580
694985
597021
939263
346085
233452
749995
17570
67664
801820
118993
497136
394411
763192
951826
152083
28825
479891
930258
621854
865306
312543
924859
791441
7440
997818
238686
120397
146725
544919
331828
535469
683721
791197
117625
817641
960524
994684
807996
585479
874444
407575
633287
64212
608494
95316
993048
391710
780818
315095
527921
412596
703507
860631
734036
676711
311549
810129
414441
286520
194301
381712
297939
142403
311166
339977
968555
603654
940394
107328
381671
926895
461145
202049
4657
47048
426416
103268
75199
410917
354353
548356
78821
435966
712641
697640
104555
430082
843868
644927
743426
560209
393566
813666
955856
293262
955445
946922
512249
148183
377149
231387
142049
597942
807587
620266
15150
126631
177066
726120
530240
211144
975548
420826
412732
281542
200650
915294
4831
991034
634958
10813
955457
120669
928764
281855
533130
504893
276668
920332
620216
472124
355374
558425
303860
278456
394310
152960
643975
287525
457499
415666
606301
530044
393760
168812
90225
167107
10192
793674
448654
890957
248344
988801
389316
306876
122098
375928
1886
745729
517391
571999
585440
666787
914103
284177
84943
473050
877896
852538
288369
5813
736316
502969
78895
882929
884002
679720
604548
382451
836297
679826
608530
521892
220485
227426
73312
612484
365361
507503
475799
229226
139578
377067
916409
33341
638494
483009
176892
901852
788268
112397
664817
117989
4354
810582
427799
83692
489666
935264
861045
439539
44724
174031
438221
439100
54084
493407
260462
496159
523900
774420
598970
104859
915696
508612
859692
12495
522128
165307
472171
192898
567763
585636
254511
511186
363675
579273
242793
991453
957555
248535
416153
955373
823052
306901
620292
632163
274668
357260
636411
46356
421995
754595
67740
897136
853472
77913
7489
238439
333495
626842
650359
658679
408018
386779
217464
656255
129802
444164
473762
965389
23247
822973
428310
373563
569802
933996
833073
299478
233062
674261
386389
501391
51587
663426
632294
75708
360890
930575
188157
805521
586808
374282
581313
919714
99368
11737
678843
405191
93290
661238
773085
621135
778520
460795
305180
203656
570201
603507
610319
576221
837601
819008
576527
367219
487100
48821
877570
875856
67397
720675
586730
550200
596510
315962
179265
276785
410454
670270
713349
488067
23995
988871
859942
217937
968387
470570
230909
743705
583839
881186
810072
204327
311838
185075
188596
749024
897029
41695
725094
541556
219026
851447
725703
300613
426385
52374
948899
208281
52887
210768
990411
869043
740210
815531
804976
323702
865734
179949
323070
523466
916396
264731
188693
924740
182823
224251
42156
732508
620565
303982
651825
849419
78299
597861
929221
181880
628158
336921
219914
565946
921519
318466
514204
213751
147324
495721
162230
906137
25234
973144
55633
341535
82748
277720
374964
649157
796652
150537
47853
612651
216095
688628
141379
955033
414953
348131
314291
972609
559212
251850
874339
872880
271583
834668
404268
850360
510356
750192
258031
419443
571157
431779
514638
772882
277876
388448
377863
215419
300547
526784
602926
842376
223909
543344
31463
634773
651973
363728
268799
569667
303699
150104
276914
530066
729188
142290
741213
440640
391037
899408
282930
234352
65361
432280
202183
796958
650897
231941
175396
910469
257906
405221
225967
855871
793907
469582
505524
819624
292552
241065
82168
370656
64558
175206
493298
115264
461487
653410
954730
693020
850956
690784
38647
52904
743182
207636
8075
964687
472279
301622
735657
403087
796432
47863
74610
20148
192737
548204
998458
195504
744151
520573
363414
997867
225593
449260
201306
480129
631822
370917
705762
507908
3256
74989
521792
153119
981526
471096
800792
584550
879002
110865
423294
585569
136156
63132
411154
832711
820185
553807
75228
893927
209776
160955
486560
89809
753783
813974
617068
791986
319100
760024
16559
312679
462271
558387
409991
447352
52416
610130
417204
903974
590488
43281
168868
43801
578996
309080
234590
283869
945035
700736
927809
475796
500688
425557
511526
275233
878591
203652
520812
254971
400896
96204
627249
5077
788870
714323
14763
301027
227697
377272
675874
616709
605772
473811
413744
462343
826048
921833
158622
915008
857888
211243
739630
93142
949114
27999
420323
697127
896041
723336
135128
118642
296263
285848
777315
423966
37675
564640
58390
540603
135522
430741
171214
125637
564636
440120
325041
503713
432952
426561
364674
757086
83240
456833
283886
896583
470415
584167
623335
328652
572126
825318
231104
485137
943978
23053
375678
57841
12273
690878
161412
620637
873166
536641
862440
818756
103516
785116
756063
75197
308715
631850
536760
590943
83921
841077
373010
878797
299830
871061
926159
481307
907447
360287
648494
702042
259090
338840
556041
330916
754534
355829
728717
803801
394744
503525
507711
27439
610641
778112
746004
595469
790077
73820
367237
732605
524229
934202
482742
613790
917265
449148
450952
26969
252927
788205
596889
979514
392671
171155
276784
620359
633953
686635
989978
1192
321326
896817
402824
170417
461390
506739
450445
124361
755533
49044
854180
205061
867003
82783
976183
262249
544903
766508
418747
275270
872617
951022
638718
723020
827359
325674
153448
606255
985543
958927
702931
865307
765748
669146
860678
408754
718295
924876
578495
712339
413264
999435
976959
741218
266787
778553
755064
193951
990975
236008
860893
357879
12663
9382
885570
760452
605707
455895
796849
127963
801180
288949
148494
320883
87351
839522
60717
892536
853220
741704
140966
849375
54908
993710
608211
111164
429310
37485
127037
12689
367981
454755
568907
802985
253453
288725
302735
177440
702457
694869
727320
153959
931722
550700
664517
848457
160908
30431
934190
284369
54526
295381
963555
74470
722982
512178
711584
705837
246367
545813
965176
854758
540114
543928
160259
405230
979130
978785
214412
156727
2355
750858
993985
247817
52664
280331
629306
779437
417609
352966
22205
229935
884057
882537
526401
184913
64779
853509
271968
672836
208438
351284
910856
105214
675996
695211
400641
531334
290597
535471
983806
415066
959364
782613
196572
993320
918033
835228
89451
217067
345222
314469
412668
369490
549132
480893
828714
126786
683850
304162
894800
609828
332255
324016
250965
455024
314451
41005
653425
294951
185584
892404
120023
415716
518529
182072
71118
989323
691076
696877
775254
848506
447457
555622
112598
616580
736841
413764
196279
731801
970114
915276
813335
776657
468678
302670
302199
437327
901847
825700
186623
198610
974428
319315
181843
239284
961665
378161
182501
69664
889581
877624
268803
455864
233166
623451
530092
186246
910425
207392
527936
368931
801110
637031
246442
732363
719694
103661
799881
521874
326484
256169
478470
171198
726261
83184
612087
7566
676676
74497
848413
245615
322092
685425
476754
808472
636785
849033
123173
659222
343576
560943
861430
843148
948736
723865
156658
683220
327563
388667
301354
567808
187207
387948
369928
637341
574938
198854
59279
413843
984199
599058
808855
983943
71571
227518
218251
285334
965631
245603
983500
199266
825978
843891
525510
827008
771736
44585
220510
712343
250220
466354
99849
746197
242027
518736
553263
838537
944904
556776
242670
889815
381706
575179
703022
755468
948026
591221
629239
871924
30117
772819
618287
722560
131136
591659
410859
122388
628310
176274
230491
939547
464305
405557
7246
780789
676661
458732
796735
487872
585958
108382
556424
250721
300774
865189
276274
757982
386202
509902
621914
850753
780840
956757
842111
452462
314423
594654
145933
174441
279803
696143
753974
484593
546806
784165
65393
245119
260428
287721
19981
888709
231471
970602
962732
346658
347471
410464
3725
161327
8144
164781
165496
33618
18845
426732
219375
10549
672260
578664
751717
297637
997856
762436
614774
514296
427193
99154
327138
153045
11610
751491
429818
292588
970026
77887
302432
384461
502807
678492
553843
45881
145059
517692
498094
544941
878076
147083
363696
339736
225147
262077
501951
438934
553605
547622
487071
122899
575193
800842
398233
628184
362442
940811
856726
986877
734223
841970
156367
116888
530068
23597
377524
488614
428440
470395
924030
452394
95230
564835
547201
437767
816496
393016
976059
305216
333414
658977
695724
504147
395214
762477
876191
904830
26474
88602
435175
590732
985579
905815
577167
618691
894100
932203
124139
960040
496168
663190
150230
113060
199605
441356
209269
298648
358400
350399
839060
676562
134819
521901
460254
569029
617612
707224
292157
593310
309456
266427
171906
876539
441358
890680
159302
487165
381957
721786
660824
377035
722831
294219
291413
950896
425241
630797
237692
45286
307441
548490
365047
301249
684727
273279
566376
348516
259663
518846
793856
514581
761124
575112
307942
603729
98691
748547
728630
38562
588845
857416
485908
830432
241823
60176
171594
663077
404933
185379
679673
454269
680726
131552
181751
327627
266725
766374
987964
722061
195858
112259
13988
504232
198161
798267
52832
593603
674339
309388
569529
739528
835273
526038
860160
640348
847890
918559
194028
178549
557734
768519
367481
78929
322865
664337
218079
890116
239911
527653
503534
509683
140301
700104
174350
32888
875126
731394
483997
347601
532863
821026
777172
105083
799978
88554
932948
504532
628460
87745
545520
905820
544611
815413
791502
435491
148705
817125
319574
473125
991689
102952
55234
875815
279924
711960
555278
343584
843331
600770
170933
240872
776159
587584
545887
987660
415279
409223
232892
367239
773814
907243
215677
60903
17110
808086
160070
353094
496913
517313
501199
480080
235
542500
579309
568440
562632
873970
608700
616666
969185
696398
831343
117096
821623
572102
787577
117700
98102
60250
25590
186837
298269
871785
53657
72567
857772
559559
87992
626974
601850
766772
477112
489407
945026
632897
790912
41171
560431
563011
364809
683407
398523
158230
928875
433518
909624
24090
726488
455701
9542
452708
399262
869605
99511
233469
959741
258840
415569
553827
466763
842443
334159
735650
856161
853749
541256
843528
730321
212835
64700
181220
947177
889331
496082
772411
282273
578736
166135
431805
296007
432108
55143
944684
49171
570218
687728
772056
918609
255453
851634
773974
243255
316196
939642
860599
782962
388011
178013
550935
183390
484376
678290
674734
875387
379338
588638
984527
281366
80622
439238
604720
403249
365174
197612
880108
639546
168235
759838
831808
370253
417481
879433
810234
877712
785068
700781
426582
538121
818016
354700
524245
685410
225944
64587
618293
368250
269799
739291
693766
697990
444525
10570
609893
746302
82968
738671
435558
218033
65783
615866
987576
270164
927787
13052
484426
357812
402988
644233
641278
29349
329759
218058
200713
440314
197907
60024
753057
425576
721271
620483
295848
473196
29963
482680
326699
510227
350839
977720
554014
692530
854384
136436
60802
632354
647167
461229
269227
933122
13937
4687
911932
632206
215754
519248
50986
689261
825339
166058
147564
114003
984232
647106
74567
177390
342881
809101
558814
260929
885494
183729
967732
604013
880530
776957
209612
405932
288983
992517
415646
888811
681802
720022
899238
85684
811992
489660
505713
729407
193805
294874
469828
734621
745734
181662
107364
974207
843074
21419
508872
663290
921545
461761
380167
903668
718139
457437
824743
630240
418328
390546
718850
648729
879100
112536
59807
529419
339672
913120
63588
609499
115858
796490
365246
556817
801458
394689
600999
932178
521981
548549
982837
601921
529552
617734
681668
914400
987131
261427
763041
753551
445616
480591
592032
972708
695194
93706
997282
786607
751015
123374
100798
310714
683943
851020
369750
715217
140026
415230
506461
435552
330679
604398
857547
713168
736800
332140
607271
315964
524200
934550
958201
420831
220053
177856
895156
646953
313358
642381
427219
576262
969889
126419
794009
502697
921073
278915
145560
443490
285848
816368
259685
685327
360380
582749
663730
958672
98074
98295
264927
204965
833546
444029
289735
860238
858895
595376
267784
600135
989137
977884
285870
303242
302342
390452
902229
608844
15984
119145
919286
251743
859693
801616
889837
552716
56419
574650
711984
679933
433451
228272
855128
270495
848985
215474
463195
313240
711536
933730
167497
528260
493988
6293
768632
517699
314025
206225
275613
218966
622618
579311
49173
109463
425692
156931
613049
48927
333284
507830
210000
222518
209217
556816
139775
237499
603053
379777
934009
970819
17808
94220
313726
314614
586060
870221
13412
955522
755356
257772
361677
304839
831789
721136
178218
410026
195191
388286
514319
218859
544329
847087
169609
428815
860867
882416
58184
812614
599556
77579
915671
953797
278502
425503
740638
702461
35074
995061
422778
969986
372585
470079
220305
63248
634289
113801
137624
818594
882633
18110
558177
338262
598442
413112
264590
49313
617307
664379
819089
878995
475392
426499
636613
82057
365435
87237
859609
276771
567278
826823
64050
893645
628238
194781
712980
464977
85181
852246
552633
291804
660148
414085
564427
146980
622390
386222
744569
656219
611889
868463
37729
471009
725572
46295
428475
343018
311317
374554
368235
894737
951690
522108
951119
597662
795328
480483
100155
785217
88228
198313
560093
326175
750210
688193
585505
145499
62792
28282
3655
404621
626784
128351
219477
404974
650249
656486
638602
344650
513796
900033
690950
896946
370568
104731
657437
888140
779600
117564
906060
521114
184591
504169
299790
298048
346025
877746
794501
38572
846775
453979
149972
609793
188014
118807
568934
265592
375693
456316
90705
545437
602295
933364
739016
948079
915530
315184
970923
119596
664239
753492
17134
751743
862827
513397
60503
649678
324701
790552
464843
900910
724961
220288
100115
83222
816703
288042
628570
326755
812900
575560
108602
243032
437958
582379
425829
582142
537213
426132
109704
777112
979535
589460
972741
312133
119779
60051
109286
616252
897087
607406
842878
421310
580005
318876
919162
670388
218370
825088
837773
220491
452814
607116
67453
913126
162725
412178
702891
138839
188236
367904
909592
617312
675583
886720
375976
807457
816127
790874
175066
112497
634147
25024
864446
334091
254765
225672
691348
610455
595514
645450
332345
341141
619365
955322
543908
127558
888842
848354
397009
234298
440284
49061
338033
426401
640941
676041
356585
650757
450352
298171
688095
739045
215485
302231
370193
827208
771719
946806
503444
155778
713619
508075
395850
109183
150594
464905
869857
140166
76264
769444
13784
994260
739603
8541
151677
371813
496814
153151
54556
853208
277989
647288
311143
732803
602285
183876
491586
184509
241558
390197
662168
233010
426279
3388
281323
132127
447620
767863
672362
412241
309939
830312
957284
612495
798433
300603
938237
40049
493667
419540
457832
382982
552673
295001
433766
803534
772354
180301
695281
117089
843765
433786
776740
591369
66308
389118
359993
214215
459315
601272
100344
469226
119148
64996
174747
276404
445422
463704
902017
728169
602490
332438
988353
799993
656595
564366
883848
308206
687876
962372
736634
951781
610619
620059
549067
166443
627723
670340
466962
366872
81256
714801
861838
545481
551228
110885
686645
443708
730912
901706
381981
861476
450580
631662
548263
15937
986916
701463
469196
110947
330963
875668
489161
820241
418261
520115
568108
426354
307264
616831
332816
420682
412448
202306
256724
831674
457028
150175
133619
724578
527961
196965
532031
166589
253980
501900
130580
559713
753077
949726
813367
96714
77690
247283
693670
379679
339854
836023
703656
694678
798546
512671
707676
994914
751855
713863
364117
359288
345676
22350
292770
363030
412903
974388
696115
197717
749739
900979
130733
245021
336638
463124
826092
729490
217611
221896
746611
909592
767593
60167
978267
32119
380187
833989
237394
17523
934693
418021
127190
749092
546388
506567
586083
507297
464907
980196
948836
519656
270217
368443
615775
166063
255757
688588
404415
497093
438135
622763
381871
577539
841440
747159
695964
317703
504340
776309
626085
671380
801218
403533
829193
905122
992907
567620
206959
191462
740399
391811
631268
25812
68206
246135
791544
422614
209584
626058
598965
176806
837235
768687
162914
461463
205849
203108
913560
116526
862540
959970
170867
782366
489467
152449
199284
997048
246056
631405
828538
411741
460741
399904
18949
269072
929665
104940
526729
697391
220123
307814
81268
627994
874497
565990
119759
824760
477138
902048
733446
447040
132291
224092
243629
978850
883847
972772
892584
724924
878470
342598
391599
682379
643282
117195
866773
900807
26443
24883
89710
634348
121741
80214
865005
260939
944363
643873
573451
998317
806893
833941
984470
577151
186837
973933
650975
803158
139193
382094
163169
583965
174440
961659
886248
443222
767648
276670
95882
521522
343469
820142
540220
655515
972015
880882
742787
326893
618495
777054
72997
939724
326351
975022
330148
428741
560064
873958
346395
956766
732811
291762
179385
538974
825459
544899
688760
842387
739341
485872
962188
37786
866465
853520
268424
902170
503184
351094
873137
832964
74598
81344
773342
510743
603939
634021
680394
329882
910453
9190
651404
655977
766244
268166
577446
837507
58457
413555
724419
101661
625652
810660
138142
44585
942841
123888
851579
823518
479309
613390
546161
155331
771049
232258
740877
792354
76608
351939
27724
624781
253281
445272
55729
220329
85480
114796
348670
489336
102616
510628
137327
609996
123198
746217
450486
196617
839611
595997
752636
566440
164125
629427
974779
677627
230163
847146
478593
954831
812442
911865
231591
6022
322306
288881
776121
159896
291524
927309
757324
523279
746705
187902
224239
703314
566320
773866
734557
347766
149125
969961
591484
842806
153196
479209
664155
572246
785015
373296
792697
67984
28708
183097
563794
28357
530662
63456
546675
960526
385776
814952
991528
41781
617106
533109
908470
43198
850735
220173
92580
674538
655380
853215
49638
636231
162822
679293
469930
6151
96272
801545
590361
618982
841785
108002
872656
952961
18130
242726
43396
390499
905276
822661
568146
324154
802514
241394
487069
195936
384603
507128
72414
699369
447158
513534
488509
72117
405908
621243
7901
368948
575180
7758
62026
537877
636410
420311
489386
359937
340000
674270
44789
547819
17940
204172
576367
53293
887430
16788
825042
980089
869589
107032
697683
762171
102309
4365
744486
667031
566671
895374
138948
840675
353931
167143
344752
156409
462150
638832
195065
285036
960431
126243
334637
711470
402810
813189
1389
802235
132794
688075
685422
275429
222071
502505
820545
246764
914745
458243
2646
528485
481787
798471
516925
157911
862862
741045
458103
265640
679890
20097
566060
783479
817402
957102
783247
342207
21218
762663
818348
113928
187814
5643
788085
741709
694538
293321
408278
836232
766262
646788
456032
736893
231420
706341
413648
425665
655958
580099
770431
840885
78106
947459
415678
751699
96364
663078
671453
46372
905117
15595
653996
905357
39967
9746
292612
271201
109216
493127
109373
358831
538449
443109
514282
337772
668328
390912
716072
750453
283508
202684
791661
525652
898767
246394
560964
383410
613514
665350
27815
650302
151572
494026
233311
521866
560477
383064
933172
982801
449273
735914
46976
249296
424949
549457
563183
847373
372569
73137
574256
154969
615498
335860
83107
138467
988019
79997
692706
677486
418793
278544
7219
610753
613027
360426
820802
283409
558649
434433
567902
719931
39459
615621
29011
965358
465404
150983
575803
891139
407062
36621
884364
32609
545816
761344
127681
295933
225564
958215
420704
602025
658718
10530
907641
70408
121609
436173
382230
165356
907616
370519
839137
710312
88589
836025
753229
822893
880865
27705
812922
191124
697762
182974
699222
403834
903059
787736
593172
516657
105619
155593
189347
365523
98877
127513
562813
528228
26982
389829
852008
583558
775090
457090
239121
396968
219359
569387
592913
367738
299097
906372
84184
107242
178132
932217
302746
819229
9029
597245
791398
963690
924103
652075
441071
550650
790126
860712
254979
978947
797332
544423
152756
725441
163902
249227
431773
722871
141978
280157
97370
65823
194108
224322
176965
583937
622893
756296
467845
658211
709429
820082
344050
717070
371728
897711
127705
493652
57824
191323
201651
446519
832515
484166
13152
129462
11706
583972
369008
585839
347687
784671
726839
529091
757206
712600
591750
395723
662656
451512
311116
518320
803690
173247
127711
982724
680986
121710
456097
453039
785851
756090
798933
137971
340773
802683
206556
42315
159560
373810
992305
273538
845471
808734
927841
219345
6637
829801
40246
522071
543226
657747
512952
610135
765764
156642
228681
520245
712080
505687
133193
48672
554847
868797
193207
468374
483817
691636
234527
444096
628720
380658
601064
369448
195091
270052
543747
641216
263393
543599
120955
28746
585229
28
509672
78211
622476
143059
792484
434316
767559
661208
533321
313535
530381
434576
957112
376209
549997
190443
47755
309977
972586
824821
544993
809536
526708
747863
479362
970766
328486
646895
43326
354441
131207
315426
541319
241799
589542
971452
105635
272798
579364
505134
710962
928315
275470
527891
678812
747367
127777
909814
899772
293720
611790
333141
554634
827455
143396
71047
475077
438673
896254
86020
458899
864580
857804
408601
80861
141710
706346
993132
921020
68689
779457
395324
291908
551945
96167
33063
887619
322761
536614
281552
740186
960885
23700
963497
695555
49169
485628
564575
661725
563269
318037
657180
370537
134286
770619
235147
991278
662532
210366
519918
333859
803486
818776
122840
289597
509851
463307
167106
650806
685959
628660
295959
891890
999873
777690
165353
512659
838911
266062
119643
300835
256095
228655
155736
249348
631590
277735
523489
395721
183421
827418
733278
232994
888773
311327
732172
863545
992608
519223
15556
833682
926240
320365
238001
69447
765713
429924
806173
586324
869636
593900
848464
806067
453684
330467
920554
93933
164726
569663
18479
596985
550087
977937
697845
852754
204084
355890
835766
868471
679712
46913
216602
740734
647812
303918
109504
641693
179236
252972
826291
834687
705146
2023
135160
270468
519907
643947
418893
650076
410264
28682
57772
81443
238076
988032
737346
13393
90940
204395
922301
473477
656949
748813
59064
144261
527437
411839
834705
957488
661298
963329
937748
713981
950585
842016
192322
389704
865815
293496
117242
484363
256360
215005
559575
966645
372869
812330
225662
395272
138424
352505
10470
378017
305722
382473
9369
602703
900730
386186
164146
745327
234010
394370
763052
375639
278458
503871
603271
953516
305868
473540
481874
793044
824014
350813
554887
992635
29890
361136
468914
793729
94680
161333
216177
542676
534165
421071
97974
100237
152722
527094
647215
758418
429542
416848
515411
856810
356632
749829
20883
989343
21714
212080
420416
248572
419023
465630
866811
96972
397058
157245
311968
51408
986832
544104
493862
225325
625603
729497
440358
342866
666312
281345
83910
159928
529246
669802
442113
98575
569881
589117
675798
211605
9756
22312
379874
301507
231085
463142
60563
367459
185373
668490
240062
801026
654701
445167
592712
392176
534320
746264
952837
507828
175783
547521
360256
849492
666064
214480
58731
667921
66128
599001
56078
714782
17726
373292
536476
289591
408185
60040
662757
84735
617242
927824
962539
769068
146104
684215
493300
864111
694800
809817
902069
177197
399362
234794
715814
475422
968761
911950
91776
675343
950118
577455
559484
994090
514394
611317
880631
627411
154401
570216
150443
821378
438498
772125
786210
800042
572648
594054
624397
270630
33654
81456
169603
36383
851090
682767
30384
434914
250291
637679
470664
494527
969315
33962
853947
503018
882855
986561
898961
111813
581234
976598
829502
952221
706667
918155
781868
951916
14267
238530
289806
959895
697357
574458
304648
641296
7276
553429
575094
49034
217417
671560
377584
11187
501803
890723
228222
278209
491102
174906
678291
656438
403865
593464
465558
832613
228550
89369
652230
237034
669623
789188
532797
673713
349069
804418
97748
171076
287578
234082
623988
497947
582648
596072
444077
645424
188304
178119
347674
141027
93328
372788
631301
182739
592652
875350
565474
775813
770259
489775
224179
720061
465500
817209
562815
433040
698126
987424
74751
370870
165268
114085
520448
31357
253350
43676
526593
926285
106802
55767
868627
701509
275288
449750
287356
828436
179275
342772
631483
688884
350586
150273
422747
248360
11076
991489
529620
750835
947198
749356
490253
340188
975139
913258
72391
970402
158782
186457
673611
708072
355465
316668
550866
176454
900989
136137
990660
469033
853463
509428
225924
471893
889576
233803
891144
625176
45535
463054
711781
756161
502941
434496
11027
344110
775875
912655
740925
527551
365372
294161
166122
89869
925628
121620
594401
969072
94883
931516
884067
798369
212006
848166
103684
387178
829501
207421
432368
579875
850195
799039
768620
861767
310858
978922
780042
54273
165493
340473
995106
823007
365395
200362
991902
694079
861006
536987
69662
939844
30695
458281
305456
648217
78352
581698
961894
391514
551062
320078
437021
82784
390723
888948
429884
441046
416949
446398
704985
389285
562797
232506
949117
298335
514565
29755
205256
454720
856923
132174
671377
599610
13517
517447
265643
899726
220639
193615
880972
226563
692832
724537
29525
510753
824635
707927
800700
519360
132715
367651
722323
775109
780070
556808
169679
211908
197860
19308
117148
213136
103622
176306
19013
804129
445397
750207
979331
174088
255794
412616
927780
693282
332558
440015
687311
859551
66999
250133
466983
295375
940175
759645
831788
536091
489446
397361
319370
323592
212902
923740
940133
518579
787671
649268
903307
78493
14967
57393
171446
369099
727318
836799
198918
74581
763816
732793
413377
560695
904875
26904
623016
890863
381949
448835
746903
22270
41094
426875
331099
515066
736105
435468
297958
616979
452844
525121
428160
393614
779955
839865
151230
309348
576444
269952
314316
448872
702100
591922
211032
12062
459331
364003
914698
808366
155593
411302
637339
328907
989260
135566
160548
448084
963814
362660
726056
147820
656475
724415
845140
323674
266198
626174
622289
286255
52842
144938
816383
920163
622919
108557
846237
143739
153476
622764
226406
544137
558036
84500
229217
573889
816551
334553
286519
711603
451623
965304
508003
69218
305429
388586
735553
695147
603141
449353
596408
320674
738609
376483
12847
979366
798089
955430
387767
363715
461736
485287
59393
748794
8972
720965
164499
514446
761150
506074
14262
575139
780141
565380
931881
194678
838290
306420
795954
392376
624731
534380
285984
927855
868811
826412
292804
567654
353101
83887
334034
522675
114078
310134
430108
216889
342461
897524
717678
958918
768719
465636
439747
140815
95287
648951
710208
470151
257305
471781
964834
40934
639996
473162
42610
840445
806562
270060
859031
938876
761249
230951
959093
804853
877101
534830
7242
901011
122373
60010
950027
443953
596716
691897
166344
371860
14642
485958
160960
869732
104000
414703
425348
533290
624683
748624
151402
140566
785264
984721
591730
412078
151357
19750
189390
486121
397795
634226
527229
159505
594718
724495
363950
21740
126293
96777
17009
879058
919005
598744
536417
785057
10454
848349
971891
726155
624769
892629
558649
709807
332562
696089
142263
175584
706370
821094
855752
169013
993889
580345
851228
303629
188085
403425
284602
434696
327669
50166
157963
733187
796549
122484
422993
103679
388629
824416
175296
10076
719495
927435
521040
758086
550358
659680
679455
316706
323140
47690
696359
347520
940100
794483
422325
562442
630207
187561
375494
633345
449285
428303
420099
919735
93577
548337
328158
799344
512835
510412
249246
455577
760114
624277
324352
974226
179175
394187
364053
98472
919766
156525
550122
819321
710031
211382
197433
788404
781618
981955
683747
743545
558404
541208
856705
549903
695143
226271
223526
496321
348286
838950
173061
55395
974271
864882
393940
217460
548926
143173
593175
263206
903571
423785
527963
497061
814131
567125
296178
24469
856346
435518
905106
177721
890967
542396
233488
381744
331051
392812
68127
174255
358959
546748
33014
97734
908519
689911
494376
441127
281308
66639
165515
916025
181609
238870
635298
327535
278834
130762
71107
691909
539142
901357
112236
331646
372696
186642
746046
665739
774631
838916
72517
554550
929016
582020
356487
801045
998552
235788
984343
328418
553419
331505
768199
387040
815508
33528
434317
248570
106323
50969
523593
176782
751352
370666
631739
943345
926351
817186
303962
916535
159950
491722
991365
902521
224347
888293
18565
695679
286312
414457
159696
549148
261867
888711
404750
187175
691115
687217
638564
720672
203177
927125
386053
43724
701624
658888
661574
840018
602788
994954
328008
630427
670882
236687
630844
677058
898733
340232
675184
100422
81740
758238
614220
760664
187992
995826
532808
180087
223505
220842
32643
363275
582646
766302
808008
176621
768288
530621
720952
664772
339638
400122
384077
797434
488634
981170
50052
467850
988902
535099
284521
627666
693059
764233
348047
935472
565552
246662
743777
571177
556083
327820
749805
209954
239858
376812
899296
451620
605889
707432
831614
327641
365315
747675
584799
887920
856081
334580
97817
164944
31456
132952
611664
935383
104445
715705
792200
186865
806430
541864
668816
623849
65731
312954
404970
333366
761967
175556
924802
449202
871719
657336
353130
498862
254129
623361
713600
38036
537959
347709
350659
751622
528401
353910
81213
836073
108323
163219
1137
720075
248032
242952
734811
879250
865705
96408
53756
188702
678314
812476
856327
245522
257299
899814
312463
414008
730506
862611
492416
620872
779366
136421
391996
654222
193870
239054
529735
919086
408461
432684
3512
2254
533203
117818
871264
910708
65059
486338
412644
75521
107366
202235
400524
657425
370284
630377
38285
593799
494706
122312
249122
701968
407465
496473
811927
841603
120266
150485
748130
619692
19252
616642
893669
342263
546608
44495
509884
661714
579079
581112
769300
955437
109319
466716
401372
350584
644744
966058
738998
673306
52191
175750
461995
963395
452159
663418
12903
156740
202648
729746
323574
235443
628909
472516
959830
390644
870692
888385
34591
637643
232427
95078
368728
833368
61975
758592
903297
848400
76351
957728
622634
434888
812812
538850
865515
4440
723714
613593
429180
390513
963260
555582
619152
775751
729439
994175
722193
591692
410903
398831
860191
57974
56118
181571
28289
377873
638244
639555
992776
277724
58163
813569
228980
310155
305183
965477
540480
126608
609565
651454
86343
864770
744124
987284
251142
185730
551458
800748
77032
228398
475046
746071
724007
571046
912074
466278
712947
106533
26612
26297
151504
702522
621356
156740
491203
881866
839373
644271
933500
614977
903558
693286
547360
802276
302620
787108
290271
748712
478058
603441
520947
202272
484033
506459
830728
642744
362622
398718
836984
883736
861352
901669
44061
553421
470492
514627
64345
783085
427799
919515
379872
194465
158786
232440
124083
883859
760316
180206
706830
677739
697970
938491
579837
612111
992665
643370
634552
314939
521792
46953
535405
943341
55442
161925
725613
723039
994719
160247
87656
93598
349131
736895
622032
763022
928521
453342
927412
594480
448377
706527
73226
175478
206145
469101
465935
676687
445109
637880
109455
491908
248905
182666
686632
322251
962414
565312
628812
206253
92900
6101
488369
546708
369263
362388
497244
253878
217102
606130
863894
738743
487883
927140
255081
113585
992453
470104
203703
244953
555101
518106
10489
642544
958507
573496
674517
188685
267735
831196
255205
504068
230135
783727
6830
898594
620861
338183
51599
954224
112578
643508
967640
900030
431889
322300
699279
385667
943284
679013
797237
285939
481653
190083
429275
86272
517966
889834
367764
735321
554216
530951
590601
777944
549747
637599
267270
716320
622897
953153
498925
536091
459000
237643
800231
586401
907584
79857
546124
119020
383278
218266
901075
634111
149271
87679
117369
65144
231463
54657
188848
252113
609199
649911
505735
347001
623410
88714
708536
767013
469126
903829
376559
238732
198121
148379
288361
138607
708423
270549
587085
450321
52560
789924
187283
879976
533976
491545
953210
322733
636373
577023
152647
665533
355898
47343
257568
55189
165051
571812
550270
471768
120828
474181
987379
802136
740411
806582
3034
634532
10398
148709
820159
912160
967274
139847
456957
763950
891765
324919
484797
590011
987459
463273
816837
996033
418171
448285
978484
355229
543072
816698
257375
429259
814996
798249
541336
278231
343468
41265
546984
531494
992012
627520
496253
578739
147834
201639
827640
830088
333841
873665
141687
905765
32362
300044
24307
974618
53279
13908
946283
155239
113340
309695
206579
628246
157758
679724
365309
936752
647950
674484
772807
751191
725085
654364
782464
558426
306945
881324
573581
313931
462825
373232
572081
359951
370532
112238
450839
958519
858273
520686
186874
599925
503019
870130
994850
797082
957461
439895
268206
637163
75409
135504
36944
490768
402785
852661
794525
111699
483106
537127
571663
770244
244675
59445
189500
786590
521016
385410
446642
439226
365122
952107
985187
156445
279574
405952
494756
997953
468567
116017
987111
279767
799223
950666
424474
565179
827589
624538
969489
46184
665952
42765
149056
768982
719588
703330
338201
621454
417083
237736
18225
435469
506310
544747
185664
508092
653597
278174
862837
5386
257399
163629
41191
354423
872841
133529
961984
343853
68141
970882
433602
857613
761677
303801
991016
227179
655521
89576
555969
562064
583302
709500
749324
207485
767777
887032
267624
798372
921795
209554
290566
964315
554974
776119
426779
83646
155107
650935
331096
153011
506721
983269
30405
340081
291577
85218
261530
690980
471051
67015
370358
801336
192129
927754
664749
619296
77944
776896
600215
832403
932819
824542
347347
687717
878538
733001
914560
926043
168754
880836
49642
444012
753855
54796
110856
539579
324000
158891
723201
806874
211853
480469
650436
988874
164128
372729
608954
966980
308235
403605
769995
321180
30030
136741
500285
429004
675464
62970
987798
859368
841972
359785
715305
656637
749470
413118
764836
650152
781144
104691
402673
709216
640790
421972
244004
469883
784873
958021
773540
887306
771182
122248
874804
115408
388898
681628
881783
164811
887334
737333
866969
147738
174111
594528
709625
264546
556335
817981
58888
253814
799263
410269
333344
921591
332832
791427
555257
414245
318639
208996
108536
18319
452487
244133
820935
992953
834077
390049
607115
693246
985262
382437
672457
31921
431925
219240
921069
452462
697753
74572
821549
107338
374069
190723
240269
874768
777259
79979
201707
290119
226329
930169
593397
254725
659329
592382
302914
145173
78347
732311
39756
175525
232111
371464
394594
134239
670194
887627
296419
924447
629387
757741
779770
330506
682495
841740
321532
968801
545671
418883
120597
102982
491034
231976
195417
831824
971234
277426
559206
973517
397257
178327
520892
466724
356519
223429
888180
176360
911329
440593
246272
286323
736379
744596
768843
381242
459388
471287
19926
91172
623709
635804
709400
307663
469474
352875
996907
682471
347972
896181
582808
345394
147582
214055
748549
649051
207961
404232
216762
321347
820687
328941
187018
288396
651176
25831
815085
541818
864938
846646
843065
398961
644755
918355
726095
447092
682075
589115
286381
620158
864670
664753
29132
900040
93141
991743
913454
681948
523361
891043
702757
588018
574650
161589
509200
465416
715960
393125
161916
590618
335133
80766
373871
899293
304517
912438
976857
884082
187366
779384
295859
54199
835477
988608
736592
454262
477542
250700
333459
560215
185093
410754
739874
367395
885394
586628
927647
585453
535531
589005
362348
456873
359606
177654
462198
127278
566947
315580
540476
732030
316703
7826
83398
974485
119797
377863
774904
849410
557739
188314
132174
482821
464656
334605
417151
181327
968864
878514
661465
698114
23280
48850
916075
9250
639888
422451
104388
609675
905576
966130
152684
638056
60518
357482
138856
114527
371455
791177
218641
949583
846938
20259
550120
602275
418670
487158
367852
463420
354356
590608
574595
322782
11463
159994
809204
124200
211985
526437
998703
561078
957405
491610
429655
91484
636017
195379
440632
907110
112300
44889
987369
189133
344160
658591
9538
855142
24629
265105
190783
973178
853934
964206
391358
945131
428418
811122
27361
966318
550247
113930
122821
876094
77352
904026
821578
377320
44361
998713
788816
461034
959692
343061
564299
707946
170986
637176
860666
700322
949527
970174
815508
948527
531921
454217
404840
134271
331816
302161
165594
975221
816707
81399
151330
803088
278770
197590
489936
54004
583888
697201
680513
524632
351859
77859
448969
157841
294489
154872
325029
27525
779182
631233
827495
101197
761378
3308
479043
755997
99450
474385
406356
250679
36856
987351
390916
95790
382176
851687
479994
290138
706494
361438
356318
935705
817889
313033
330083
168091
831828
880582
975671
714345
670184
326658
440721
177055
451080
231075
544304
581337
273323
811290
593092
541240
691519
314279
932309
129355
788368
529685
953551
703874
106837
714379
663745
199120
694265
662311
838319
130002
59388
375946
516497
258083
768489
363272
501040
115429
564970
174912
981001
141229
604515
699893
492988
785242
442112
474137
995773
972159
752047
235712
749097
243631
237222
417336
495269
927085
368754
449780
109801
334380
427509
486766
545353
939243
305475
340079
582002
187193
103773
980952
305576
962201
423920
317881
366981
212218
705903
757265
338477
426049
642889
227596
269452
997802
634866
463188
916118
401200
511481
941158
562610
603843
406937
535586
675834
44728
789800
86524
338741
994408
925285
836106
698384
498956
193370
275640
638247
670289
344176
808701
984239
797361
257457
721503
74682
808075
929674
422621
869163
152556
176962
973783
188706
304138
414690
248709
56892
92468
759660
378372
716165
901594
647031
136870
583792
24373
474303
471005
46847
900817
471800
726487
110977
465491
849902
323610
640382
570532
524618
438757
477399
200006
95943
63193
432467
927858
528919
247736
250245
911213
98270
635542
288266
983176
395902
582854
561523
909371
48409
86575
842289
794426
37291
269672
638776
75146
366828
596783
583443
842663
273774
486227
822312
989885
718782
768517
963390
100255
614092
270081
392883
970991
506753
576230
683016
889491
963100
327730
578808
859689
897677
400062
72050
534145
218796
502191
262793
291920
888073
996131
998760
175514
39681
548955
813815
357756
970286
551231
698395
192236
182027
440440
347049
697702
429126
765283
381960
789908
138179
860778
714397
432568
743287
825581
369038
704447
532527
510779
861002
704974
457250
464427
615579
331025
136781
415852
640559
413109
578331
672119
77833
254175
68610
662263
70044
650484
912527
325955
562227
222061
50899
762858
715708
262417
685400
441099
512187
286334
967651
978493
285623
853969
652178
665686
799977
763784
88821
362385
356542
74469
88820
237627
592308
25107
809700
169965
431166
891727
495493
867218
844128
766023
261398
722385
438075
471245
943153
122887
101722
818000
494431
943546
507647
827724
810285
951606
930041
381920
804279
965238
445259
509638
78861
910835
667865
452446
102464
895665
355019
203414
13846
8140
62234
257430
91313
455359
867626
953185
979863
404866
412288
991580
320877
742296
210903
665552
458979
277329
839312
160022
412019
974881
657499
74231
879839
928184
643037
940655
701965
992902
210187
152145
988571
895177
261279
245923
926054
352764
564919
600678
702878
680543
259434
213487
816418
165663
82587
627610
309035
703008
783727
631852
14535
760086
527392
706295
790292
505269
670626
798266
140056
83062
823179
562151
122912
288935
574396
908478
741924
431736
214391
547781
818633
168170
583759
358649
703947
701677
563846
964849
858135
107089
449036
31120
729195
612837
194633
752015
181729
117933
584730
597906
261954
902689
599668
119551
946388
433721
927119
849515
6922
149339
874644
707703
697860
336552
744283
652633
287234
636523
612107
303478
320271
580627
809038
441846
66811
89557
885746
982773
216609
449114
679165
718608
77858
698265
734733
192512
890756
360704
736670
808270
589305
820394
723467
820370
506666
927414
303609
209622
628123
606995
164595
822156
423761
953215
11788
803467
361483
172846
7203
206879
730080
441726
753287
173197
623490
736640
738871
934969
993608
544471
565275
670006
161768
772038
720202
358239
506274
938598
725694
528622
962085
400884
298783
203363
909513
208832
323531
634216
149582
623140
92890
687947
307368
271034
952160
285457
911057
870758
168136
680969
954942
472901
508919
737678
822822
598291
459708
659331
60714
464959
362767
121199
654310
37716
296022
571996
454492
683024
297752
740201
747930
138166
619510
501129
664259
999656
401725
665141
873346
885206
23123
256031
835832
616663
987904
785041
85264
799714
152681
226032
823701
826670
227166
144757
437035
786861
171084
356360
405516
621560
524196
937377
423260
611849
491666
253655
299479
61264
483466
464415
51837
234356
471571
890464
253047
796992
847347
584810
520408
156767
59787
803706
807757
744750
165045
513175
69011
323661
755727
819837
900900
824565
357332
244541
740379
620274
448502
422048
311844
596592
442650
434701
648191
172719
478672
435713
603170
407929
184158
970971
997557
407352
945624
100940
39485
695709
835857
238678
119404
279567
157364
666702
496555
449024
607145
711879
273673
28947
631332
101086
805214
682334
517361
397118
334134
882949
967197
406755
580348
406881
224541
30041
849773
337859
531891
190788
960947
291284
901347
340123
47991
747788
151630
242271
399453
356443
150981
903690
651355
537208
708009
571445
716232
368213
303914
621048
789152
586346
404897
910309
476542
196494
838911
853920
54488
41263
238407
635350
20447
803887
749538
343374
343003
468709
611528
632859
648393
692782
897176
776602
446026
816491
549912
986782
860
738858
942607
275317
978750
135470
446783
878343
6954
709064
929725
355877
160544
13024
1393
532400
561527
178912
719554
133366
473584
802204
86852
553392
360065
575905
983858
763262
948095
638625
176955
286434
18906
58229
809270
271286
297860
55804
388382
619584
969400
95013
766096
736336
142824
993886
745999
736503
154611
34362
301305
951133
270017
311182
598266
307517
764819
850891
960110
327375
550110
415951
720454
301593
197629
388100
234827
892761
866945
597505
818267
199713
504181
593797
565529
164240
746610
121849
411682
262003
547897
275402
48012
956517
238577
844941
401144
656687
172174
518020
160486
462303
274544
650615
683947
286537
302773
382598
564747
219710
18612
508733
371921
344275
127814
543152
464005
888198
602716
239346
773405
71753
540931
482691
84674
488484
230363
546820
630136
6182
260670
863229
876783
985788
228456
559712
310450
318669
349947
513258
61021
191823
862066
612967
353447
129296
233839
592137
833626
132179
199382
221461
482690
443556
325088
244936
6860
548783
679259
272561
39667
76649
538743
734242
580245
316431
727225
326372
608168
727474
229280
581366
245908
223992
326235
759670
403252
434693
115069
321547
459683
162765
753437
652259
440646
658649
801658
352031
200437
890273
496805
60086
775330
534908
266498
473222
438044
727925
44757
469312
362151
545127
739994
945709
361523
229707
739563
378314
984086
494552
323396
126654
943001
727011
777417
155950
541693
524438
804877
875202
335462
960666
261062
599279
504024
420550
206595
752261
77216
858214
472447
509788
484910
835172
17698
381157
774119
240307
859491
805197
942069
147260
950182
268322
178368
818668
679113
709918
190934
349383
530399
254310
83834
159584
516399
50818
240480
489925
260118
216760
38446
353200
263514
708558
870342
229126
241911
707115
723664
86091
249085
32177
291809
31417
609896
196130
418483
39669
280710
211226
80328
345220
658958
268124
454284
174977
640713
766489
239668
545071
167231
412559
325490
986192
680633
143049
7189
535843
767596
256876
404933
427421
203305
850446
95318
729527
628157
333943
8922
27727
626240
838609
905088
582953
852123
54563
544743
189203
454075
626856
545743
52185
401310
710910
477237
311839
54885
46413
193289
378347
176844
485780
175284
677996
114278
482091
349370
28929
108160
683934
978303
185813
205003
967284
564384
194150
410856
365831
424892
189535
850390
465988
451275
801600
393556
730259
732766
189882
565701
372986
388834
36965
580732
726393
860233
657470
782314
871735
447868
537562
559404
863478
120741
802235
838450
308601
939727
449746
794617
618169
123572
348431
717544
560566
394760
616276
357509
492018
697555
196638
561295
312447
389973
138314
695098
722976
548354
182125
551493
728068
374665
810843
65937
938094
683678
468452
897195
515249
990055
570847
675087
299237
698195
392485
42910
933522
186633
270682
55795
869024
54836
267950
869828
804103
601520
332332
189770
761823
625055
979912
334544
280323
190863
735659
892852
980063
597884
423634
688266
601682
319173
523497
124182
484099
324133
678177
206433
863361
559243
917924
921892
569887
284271
203302
968799
175215
695831
679955
5137
128592
521107
230524
751900
812051
813514
570442
881691
392949
453510
30711
406129
719955
759335
224165
278558
905014
66892
798537
63148
53657
974700
875122
154855
702646
656564
215366
723481
269268
299134
387610
14327
515455
416979
435516
633993
605251
225384
337060
6941
585166
792844
874898
96895
55880
553344
473356
929435
170513
971711
994730
524573
771109
509237
986137
581030
853489
29506
352356
80684
676029
979866
582679
736977
927646
893149
729745
281018
835573
415911
222566
890153
840213
657149
546750
609643
279916
968862
997447
791501
386928
65482
360801
573127
847937
400843
200095
534693
750017
53317
298904
973884
132047
121919
519605
284564
258164
43430
675448
339401
197845
967845
359544
788241
852560
506133
508234
665926
627001
719693
451339
224599
773381
140301
939222
592744
467069
745056
953117
944412
437417
419966
268250
448058
788004
2436
353050
418857
960594
390162
822010
281940
690124
680071
667787
131562
239063
561627
506418
459565
43012
464033
303336
50652
151060
955633
408236
252171
271174
20968
287988
403005
153524
605205
897387
794045
87292
117209
579957
339504
19240
940764
602515
28063
432497
883216
551261
791576
853068
973242
911319
599675
577075
276153
818241
857436
250035
506559
467078
159062
655838
311099
57088
53930
269479
267420
117150
762556
891979
311841
509634
933629
184951
613883
492730
18229
80436
314477
415400
375807
877246
639728
519859
649077
367719
539192
978495
804410
720400
57424
521586
282617
299699
60542
456769
558697
768237
407065
665407
214541
536735
429934
615431
270401
834998
777162
603241
543637
763703
790113
917856
627288
680475
455624
741998
542337
233785
422798
223310
412888
231156
840454
611519
662909
21543
926135
781783
199470
853095
157128
807856
52170
93978
496832
656431
417295
387468
848030
334524
100623
280829
608214
388563
664479
281637
503128
900828
732104
341392
13136
735061
227299
153952
380210
279583
484802
305570
649766
85009
450425
736391
584375
293461
365544
36352
388710
248524
858978
949721
591873
422680
185394
90492
114992
948393
447482
558233
345003
370286
608483
419530
897875
681066
468841
380097
813217
994992
600635
119673
985789
254214
31331
955160
386823
492589
924028
461789
664552
369263
867736
135004
405105
314247
376979
696242
814592
804636
941896
185194
662662
91324
637820
549870
340697
917931
203852
839233
540628
306139
764437
864066
361150
458007
687926
124556
716603
898839
416110
148543
280334
885512
763971
266613
962875
341306
436098
87056
744059
812232
724364
969592
815072
495663
617875
317161
105287
157566
542401
8332
65617
243923
959882
735510
201788
244829
623878
631978
17616
765759
867758
335135
453195
516367
470728
352405
593899
898250
367301
978978
47258
592165
993423
215364
267904
365127
498896
556934
591058
954434
720836
810597
801142
737268
322724
380962
319970
356029
438574
712209
299369
903759
689053
682529
238535
227817
707419
358842
246496
847280
33867
996527
590232
769640
903607
622444
983386
199450
72912
71467
270190
287839
64021
120384
592850
396567
548467
618089
968377
213189
60387
189967
244571
605035
406831
962201
802498
701892
720555
205462
316903
205746
795357
319970
274698
207986
783113
942003
631197
905835
667751
784677
195141
403590
383711
452312
243043
440567
96962
886353
228445
176770
501461
216665
119091
984285
912623
5862
180521
960214
629663
862938
795459
259738
691030
405340
852018
369742
936485
244739
903768
574046
763486
266534
677697
26410
502987
802776
862251
818592
2354
283734
597465
23959
168363
143900
156098
469752
171898
229508
422765
227385
185958
437066
326668
37663
51201
36137
866790
357244
298328
448837
648032
421457
530007
71854
453665
494857
755385
10366
413229
705123
786058
512356
90638
96601
810102
482317
488272
153072
970495
543281
595084
685013
374574
364532
58231
877714
154501
818863
329681
191789
730056
952054
153519
149965
915555
205375
445241
323081
70574
652973
421345
305020
465360
122079
723769
224706
699629
670158
625394
228199
737106
345000
860595
457958
540813
401697
482482
781418
1594
128139
254629
703108
910254
603649
603799
773849
897010
438900
397433
476193
228717
628655
918711
432339
287301
837350
808925
869539
842121
591013
408540
822286
868813
748405
62182
395154
885870
33899
499420
2342
385750
502697
388405
499046
378781
774258
555222
161502
309546
840503
640969
346807
873660
648954
490009
29464
177147
130411
279680
222228
765198
922856
968955
806629
87363
169183
620472
604994
846240
280065
946245
607935
707481
661914
778234
372149
543720
466128
873632
788474
2878
598677
451219
959003
607050
958143
67450
721188
892270
145869
604120
107854
755589
522933
401039
535455
90499
782986
46265
921263
664773
739338
737479
367332
607328
341038
94437
